m2uszQDo999wwSBU	1480551255:3,17,218,25222
bnc216Nv999Oh7+U	1470653387:14969,22599,31114;1473331681:181,2850,157771,356403,359580;1473852892:104058,104059;1473852912:12,30781;1473937093:25321,44106,104043,104044,104064,104081,378549,378560,378602,378605,378607,378608,378610,378715,416644,416649,416656,416661,416667,416670,416677,416684,416690,416698,416706,416707,416754,416763,416767,416777,416778,416780,416783,416790,416800,416811,416813,416845,437484,441524;1473937121:31087,437546,437547;1474456450:43895,43910,378611,417969;1474456453:378559,378630,378717,378730;1474456463:378729,437486;1475142968:2857,31075;1476180616:44063,416628,416633,416771,416774;1476180628:6223,35132,36257,43877,43884,43886,43892,43894,43906,43912,44067,44073,44085,44099,44102,104045,104057,109642,416560,416562,416567,416643,416711,416716,416724,416764,416828,417927,417939,417944,417947,417952,417953,417954,417956,434772,437524;1476180639:49528,416757;1476180654:358051;1476715305:25329;1476875260:163498;1476875284:25244,34077;1476875291:75112;1476963971:30965,30984,30989,30994,31003,31004,31078,378565,378571,378577,378580,378600,378667,378671,378725,378812,378817,378821,378843,378863,378898,378899,378913,378921,378941,378988,379645,379663,437418,437426,437428,437430,437432;1476963985:30736,30986,30995,30996,31077,101941,163490,182561,378564,378567,378574,378578,378581,378582,378584,378588,378590,378592,378593,378596,378601,378604,378633,378639,378642,378663,378675,378709,378726,378735,378773,378788,378795,378798,378801,378840,378849,378919,378929,378938,378942,378960,378975,379633,379634,379641,379647,379672,379673;1476964004:31042;1477705358:5966,67980;1478779529:31088;1478782359:77,2839,5952,5957,11792,11829,25253,25383,30731,30732,31026,43878,44078,104049,104052,104055,121633,357073;1479127077:3177,67612,108930;1479127257:6847;1479212289:43876,43880,43883;1479283928:30741,30961,30963,38269,75332,107913;1479283946:25231,30789,31020,36252,36454,36623,74510,139472,437478,437488;1479303315:2090,36893,142416,158619,158624,163196,179157,192878,287247,393154;1479304875:1,38249,239179,239213;1479305499:30740;1479305529:5953,25215,25250,25310,31029,31076,79063,107997,298460,437548;1479732295:17,148,2739,2898,4518,12317,31089,31094,65738,73514,437117;1479732305:14970,25306,63137,353929,356884,356914,356916,358912;1479732309:3,19,6956,24171,400425;1479903640:2811,36455;1479903651:14,5955,5962,6463,13069,25320,30730,30737,30738,30739,30957,30978,30979,30983,30993,31007,31014,31057,31065,31070,32042,35350,63136,79065,101942,369765,378328,378339,378340,378541,378562,378563,378569,378575,378576,378583,378603,378617,378624,378650,378723,378724,378780,378783,378791,378802,378809,378813,378901,378910,437425,437429,437522;1480254849:25305,25307;1480406518:5915,25222,25315,25324,68062,72463,72613,72614;1480552509:407947
tbCPV6CI99e/LzHD	1480552282:6984,36395,75331
sBnxydCk9993CNF+	1480551798:21490,21992,124977
4xI6BF6Q99OeeENR	1480551798:2090,5915,25321,36893,142416,158621,158624,179157,287247,393146,412462
KK6gq+jM99e4p/aD	1480552405:2838,120454,437419
Oe5nwGR199Yv9M2R	1480552657:1,38249,239179,239213;1480552957:407947
6PEseACI99946d8V	1478016474:1,38249,239179,239213;1480553008:407947
s4UFucAl99OmWhCR	1477999434:5962,6463,25231,25320,30730,30957,30983,31007,32042,101942,437522;1478025725:38249,239179,239213;1478025731:2090,36893,142416,158618,158624,163196,179157,287247,292856,393146;1478323892:5915;1480553155:407947
vi2IDTR1999vHdOU	1480553373:150,3357,6911,7019,7665,30528,31088,407786
